28694
28686
28684
28677
28687
28685
28681
28693
28685
28677
28684
28689
28696
28692
28702
28680
28687
28685
28700
28708
28690
28685
28696
28689
28685
28690
28689
28697
28703
28697
28700
28695
28699
28702
28693
28702
28699
28704
28691
28688
28703
28697
28689
28690
28709
28696
28688
28693
28701
28692
28689
28700
28694
28689
28686
28676
28697
28685
28689
28690
28702
28667
28691
28678
28684
28678
28692
28688
28681
28671
28676
28676
28685
28683
28680
28692
28684
28667
28684
28690
28699
28691
28690
28679
28675
28689
28686
28685
28695
28675
28670
28682
28671
28672
28684
28679
28682
28683
28689
28676
28691
28686
28684
28689
28694
28681
28690
28708
28695
28683
28689
28687
28682
28705
28690
28702
28701
28690
28686
28714
28703
28695
28694
28708
28706
28711
28694
28695
28694
28705
28697
28711
28699
28713
28715
28702
28719
28696
28700
28711
28709
28707
28702
28708
28706
28706
28706
28711
28705
28690
28689
28688
28669
28675
28680
28685
28685
28686
28684
28689
28688
28688
28694
28680
28705
28689
28698
28691
28701
28688
28686
28692
28680
28690
28690
28692
28688
28686
28690
28686
28685
28678
28686
28691
28687
28699
28700
28689
28682
28689
28693
28691
28688
28677
28683
28693
28684
28698
28691
28704
28690
28699
28692
28682
28692
28695
28692
28693
28707
28696
28698
28699
28707
28694
28701
28692
28696
28704
28692
28699
28695
28717
28702
28704
28709
28706
28701
28704
28713
28693
28704
28719
28712
28711
28717
28699
28708
28709
28714
28716
28713
28720
28705
28700
28705
28699
28690
28701
28697
28690
28686
28684
28687
28709
28700
28709
28714
28716
28718
28707
28701
28696
28712
28697
28694
28693
28710
28701
28711
28716
28700
28694
28691
28691
28702
28703
28702
28709
28710
28712
28715
28726
28722
28721
28713
28704
28707
28700
28691
28696
28700
28702
28699
28710
28706
28718
28711
28710
28708
28716
28711
28721
28715
28713
28711
28696
28711
28720
28712
28715
28729
28720
28720
28718
28716
28720
28721
28720
28721
28707
28734
28712
28718
28720
28713
28724
28731
28718
28708
28720
28718
28718
28707
28705
28721
28710
28695
28717
28710
28714
28713
28717
28697
28707
28719
28711
28699
28715
28705
28719
28715
28705
28711
28721
28710
28707
28710
28705
28697
28711
28711
28718
28702
28707
28710
28715
28708
28708
28709
28705
28705
28714
28713
28712
28708
28711
28713
28698
28713
28714
28713
28712
28716
28702
28725
28723
28715
28723
28718
28712
28718
28714
28713
28703
28713
28706
28714
28708
28711
28714
28721
28716
28722
28724
28728
28714
28721
28725
28724
28733
28713
28733
28744
28738
28735
28738
28708
28704
28712
28714
28715
28717
28700
28707
28706
28721
28706
28733
28707
28708
28690
28701
28708
28709
28711
28699
28704
28710
28718
28715
28709
28704
28704
28713
28718
28708
28715
28711
28705
28711
28716
28695
28711
28718
28713
28708
28708
28714
28713
28717
28723
28705
28715
28705
28715
28710
28710
28715
28712
28719
28702
28705
28699
28706
28710
28710
28723
28714
28715
28721
28715
28720
28721
28720
28721
28716
28721
28724
28721
28708
28729
28726
28733
28720
28731
28731
28731
28720
28726
28730
28735
28721
28715
28720
28717
28709
28726
28712
28713
28711
28704
28727
28720
28719
28709
28730
28720
28713
28724
28726
28736
28724
28732
28723
28737
28733
28729
28728
28737
28727
28739
28717
28720
28731
28723
28724
28728
28720
28729
28725
28732
28720
28725
28728
28722
28719
28715
28716
28731
28716
28723
28718
28719
28724
28747
28740
28742
28736
28733
28740
28752
28737
28743
28729
28735
28728
28736
28718
28730
28735
28746
28741
28749
28745
28739
28755
28754
28752
28759
28750
28753
28749
28752
28733
28737
28735
28752
28730
28732
28732
28736
28732
28728
28731
28733
28751
28740
28745
28740
28743
28731
28741
28752
28743
28734
28736
28722
28732
28733
28734
28744
28747
28743
28748
28744
28734
28738
28744
28735
28732
28734
28738
28733
28734
28737
28746
28733
28740
28737
28745
28751
28748
28738
28742
28736
28739
28725
28738
28732
28751
28731
28736
28750
28737
28740
28743
28730
28742
28738
28741
28739
28741
28750
28750
28741
28751
28753
28750
28741
28746
28756
28747
28754
28745
28732
28736
28732
28735
28743
28729
28728
28715
28753
28715
28729
28736
28717
28727
28732
28733
28732
28733
28719
28737
28739
28736
28726
28731
28723
28732
28729
28730
28736
28731
28741
28739
28731
28732
28740
28735
28735
28716
28718
28737
28734
28728
28723
28720
28723
28707
28749
28725
28726
28727
28725
28726
28733
28731
28734
28720
28728
28727
28733
28739
28729
28730
28726
28725
28745
28747
28724
28724
28752
28737
28732
28729
28740
28719
28726
28728
28729
28743
28733
28736
28737
28747
28733
28744
28730
28747
28756
28745
28752
28744
28740
28742
28738
28736
28723
28735
28744
28752
28736
28747
28736
28740
28733
28745
28730
28739
28747
28727
28735
28752
28745
28738
28736
28728
28730
28727
28725
28724
28723
28718
28730
28730
28732
28728
28726
28720
28713
28718
28724
28719
28719
28714
28722
28719
28712
28718
28738
28729
28730
28726
28731
28752
28736
28741
28732
28729
28750
